
 -------------- number of chosen action per slot --------------- 
58, 51, 53, 42, 50, 45, 53, 67, 40, 41, 
 
49, 60, 51, 50, 46, 54, 49, 54, 45, 42, 
 
51, 43, 53, 48, 49, 51, 46, 46, 58, 55, 
 
56, 50, 53, 44, 42, 45, 64, 52, 47, 47, 
 
45, 51, 54, 45, 51, 47, 55, 45, 57, 50, 
 
52, 56, 44, 54, 56, 47, 54, 38, 55, 44, 
 
41, 51, 59, 55, 49, 53, 55, 46, 53, 38, 
 
47, 46, 58, 62, 55, 41, 43, 60, 40, 48, 
 
57, 40, 41, 65, 53, 45, 47, 43, 53, 56, 
 
54, 44, 47, 63, 47, 52, 46, 56, 46, 45, 
 
55, 57, 33, 46, 54, 49, 56, 51, 44, 55, 
 
43, 55, 52, 52, 52, 51, 47, 45, 54, 49, 
 
51, 54, 56, 45, 41, 52, 50, 47, 48, 56, 
 
47, 38, 49, 59, 48, 46, 62, 50, 51, 50, 
 
58, 41, 42, 52, 57, 59, 51, 46, 39, 55, 
 
55, 44, 42, 52, 45, 52, 62, 53, 48, 47, 
 
53, 51, 51, 59, 57, 45, 51, 53, 36, 44, 
 
